# y = 0.10442886820809416 x + 0.20019706287048278
0.0 0.16984290266841137
0.01 0.1784482386439886
0.02 0.2308916840487632
0.03 0.16952403628066806
0.04 0.19111527809001694
0.05 0.18013101685456473
0.06 0.16613798090911366
0.07 0.24476677583156423
0.08 0.18019667586975058
0.09 0.2427593629098035
0.1 0.20385583585822173
0.11 0.22457220827707622
0.12 0.25102413137321455
0.13 0.21722653125647076
0.14 0.18098369137293815
0.15 0.262182644956076
0.16 0.20141733608010468
0.17 0.2185827308137724
0.18 0.2577694164043453
0.19 0.19834867594444544
0.2 0.24095073441837467
0.21 0.22264756569909522
0.22 0.2550858008297095
0.23 0.25672314970857657
0.24 0.19360665291538723
0.25 0.2026209833488368
0.26 0.249843377881921
0.27 0.2715801587750355
0.28 0.2306042976949409
0.29 0.2685353271439708
0.3 0.2232726603968572
0.31 0.2184728108360675
0.32 0.1867861732555891
0.33 0.23642049169214135
0.34 0.24491396570810176
0.35 0.24251602863663668
0.36 0.24671189339337224
0.37 0.2006368896506382
0.38 0.28484044286599486
0.39 0.26403518417499894
0.4 0.23499149212658899
0.41 0.24116199425140147
0.42 0.2602525117095412
0.43 0.271462998764539
0.44 0.28139139773156324
0.45 0.22675555354722454
0.46 0.26062419740794013
0.47 0.29284877026348577
0.48 0.23502925097095015
0.49 0.22197893953086284
0.5 0.2873606706534507
0.51 0.2226742700069129
0.52 0.29290872342940805
0.53 0.2566723723402632
0.54 0.2724108836445381
0.55 0.2583757496380826
0.56 0.22518579033405628
0.57 0.22146283702572667
0.58 0.25816437280062954
0.59 0.31081389728083836
0.6 0.3041055289026644
0.61 0.2653088308234345
0.62 0.3107896050524206
0.63 0.3066900210411006
0.64 0.24928773744170743
0.65 0.2666115192718093
0.66 0.2662445863017787
0.67 0.2604377581568178
0.68 0.2523907333074092
0.69 0.25572399106508586
0.7 0.28448981478531277
0.71 0.2730054918590165
0.72 0.22852260377008207
0.73 0.2730610769594273
0.74 0.26926657154972994
0.75 0.26399626127347414
0.76 0.2987565151810904
0.77 0.2326653538250907
0.78 0.27050138019839426
0.79 0.24704449537402157
0.8 0.2754152799836431
0.81 0.26837340282756783
0.82 0.33574356929722493
0.83 0.25935535549028943
0.84 0.24081495542075002
0.85 0.3046987673535606
0.86 0.2939212201949398
0.87 0.2865493689005662
0.88 0.24422650706575227
0.89 0.3012341965543239
0.9 0.2917587345629595
0.91 0.26590773559890296
0.92 0.2827230110638332
0.93 0.3227144114043997
0.94 0.26838082510341754
0.95 0.3234464342651582
0.96 0.3326162475458333
0.97 0.3400538851780397
0.98 0.332318771559161
0.99 0.33170336023602626
1.0 0.3447520603204912
