# y = 0.05681317153974108x^3 + 0.09390443234321577x^2 + 0.45681963419970995x + 0.7609949135870523
0.0 0.7923138105907269
0.01 0.7420657679533366
0.02 0.7970317175084238
0.03 0.7716997549664361
0.04 0.7437611103136144
0.05 0.7410949669974773
0.06 0.8053829218618059
0.07 0.8386095938266135
0.08 0.8032140874367482
0.09 0.7782259623988582
0.1 0.7992120837470381
0.11 0.7757754798479465
0.12 0.7676002314571975
0.13 0.8262753960459867
0.14 0.8381433606574924
0.15 0.8703849450932014
0.16 0.8851430794971679
0.17 0.8349730460498862
0.18 0.8838248926869606
0.19 0.8313902601218782
0.2 0.8750564553989012
0.21 0.9088973275333404
0.22 0.883987329409816
0.23 0.8411259081766301
0.24 0.8998073419118292
0.25 0.9139355340394654
0.26 0.8403419966617676
0.27 0.9044179116528488
0.28 0.9291244802121301
0.29 0.9044733937213968
0.3 0.8599701136941369
0.31 0.8686301679300323
0.32 0.9537257665516687
0.33 0.9320027231625809
0.34 0.8880880264476629
0.35 0.9226758017399607
0.36 0.910362844549044
0.37 0.9824902071030106
0.38 0.9789201609292482
0.39 0.9541922139091491
0.4 0.9597933647009517
0.41 0.9496213171309087
0.42 0.9404248397254391
0.43 0.980655834853305
0.44 1.0288538730588432
0.45 0.9622411155750478
0.46 0.9485887407768172
0.47 1.0459848894025003
0.48 1.0336322577415786
0.49 1.0276245385986578
0.5 1.036413390623655
0.51 1.0202603512803987
0.52 1.0812411815906235
0.53 0.9957534573624915
0.54 1.0310124175844948
0.55 1.0375458461947877
0.56 1.0442330105073536
0.57 1.0518366334202685
0.58 1.0312588220339656
0.59 1.0360892563731725
0.6 1.0996848217489623
0.61 1.0463115101721274
0.62 1.1031775252978964
0.63 1.0804230608464827
0.64 1.0866350381247551
0.65 1.0691932112662974
0.66 1.0779659398872783
0.67 1.1434409644760126
0.68 1.1326039707297246
0.69 1.1575217297566982
0.7 1.1709632427253645
0.71 1.1586585547166024
0.72 1.112198943006809
0.73 1.1452986689561524
0.74 1.2189254436843338
0.75 1.1310565804834782
0.76 1.1555820630539209
0.77 1.1661685883196415
0.78 1.2207244730802642
0.79 1.24154576799608
0.8 1.2422911137442234
0.81 1.270602246198967
0.82 1.2298718861949076
0.83 1.2611375346100446
0.84 1.2690135084071659
0.85 1.3005857449558356
0.86 1.296825938343768
0.87 1.256662405436298
0.88 1.3004393773132634
0.89 1.266638300550115
0.9 1.2547671920292094
0.91 1.3321157904412602
0.92 1.2656833681715496
0.93 1.3560749275060273
0.94 1.3681201635275995
0.95 1.3662992799017362
0.96 1.3089545972187102
0.97 1.2967989101163728
0.98 1.3343111222304878
0.99 1.3205950079181992
1.0 1.368972301873717
